16
0 38 13 73 10 76 6 80 65 17 2 77 72 7 26 51 
38 0 21 19 85 12 29 30 15 51 69 88 88 95 97 87 
13 21 0 14 10 8 64 62 23 58 2 1 61 82 9 89 
73 19 14 0 14 48 73 31 72 4 71 22 50 58 4 69 
10 85 10 14 0 25 44 77 27 53 81 42 83 16 65 69 
76 12 8 48 25 0 26 99 88 8 27 26 23 10 68 24 
6 29 64 73 44 26 0 28 38 58 84 39 9 33 35 11 
80 30 62 31 77 99 28 0 24 16 88 26 72 93 75 63 
65 15 23 72 27 88 38 24 0 47 33 89 24 56 66 78 
17 51 58 4 53 8 58 16 47 0 4 1 78 7 53 86 
2 69 2 71 81 27 84 88 33 4 0 71 3 77 92 22 
77 88 1 22 42 26 39 26 89 1 71 0 76 8 78 73 
72 88 61 50 83 23 9 72 24 78 3 76 0 76 77 44 
7 95 82 58 16 10 33 93 56 7 77 8 76 0 21 31 
26 97 9 4 65 68 35 75 66 53 92 78 77 21 0 37 
51 87 89 69 69 24 11 63 78 86 22 73 44 31 37 0 
