20
0 38 13 73 10 76 6 80 65 17 2 77 72 7 26 51 21 19 85 12 
38 0 29 30 15 51 69 88 88 95 97 87 14 10 8 64 62 23 58 2 
13 29 0 1 61 82 9 89 14 48 73 31 72 4 71 22 50 58 4 69 
73 30 1 0 25 44 77 27 53 81 42 83 16 65 69 26 99 88 8 27 
10 15 61 25 0 26 23 10 68 24 28 38 58 84 39 9 33 35 11 24 
76 51 82 44 26 0 16 88 26 72 93 75 63 47 33 89 24 56 66 78 
6 69 9 77 23 16 0 4 1 78 7 53 86 71 3 77 92 22 76 8 
80 88 89 27 10 88 4 0 78 73 76 77 44 21 31 37 8 46 69 58 
65 88 14 53 68 26 1 78 0 83 97 14 11 24 82 8 25 75 93 21 
17 95 48 81 24 72 78 73 83 0 33 13 66 95 61 25 83 98 3 93 
2 97 73 42 28 93 7 76 97 33 0 99 11 55 97 83 87 71 67 72 
77 87 31 83 38 75 53 77 14 13 99 0 49 55 16 6 18 43 21 49 
72 14 72 16 58 63 86 44 11 66 11 49 0 23 14 98 54 85 11 97 
7 10 4 65 84 47 71 21 24 95 55 55 23 0 56 62 57 90 22 97 
26 8 71 69 39 33 3 31 82 61 97 16 14 56 0 84 26 15 14 85 
51 64 22 26 9 89 77 37 8 25 83 6 98 62 84 0 44 7 78 57 
21 62 50 99 33 24 92 8 25 83 87 18 54 57 26 44 0 60 16 25 
19 23 58 88 35 56 22 46 75 98 71 43 85 90 15 7 60 0 10 67 
85 58 4 8 11 66 76 69 93 3 67 21 11 22 14 78 16 10 0 72 
12 2 69 27 24 78 8 58 21 93 72 49 97 97 85 57 25 67 72 0 
