7
0 38 13 73 10 76 6 
38 0 80 65 17 2 77 
13 80 0 72 7 26 51 
73 65 72 0 21 19 85 
10 17 7 21 0 12 29 
76 2 26 19 12 0 30 
6 77 51 85 29 30 0 
