8
0 38 13 73 10 76 6 80 
38 0 65 17 2 77 72 7 
13 65 0 26 51 21 19 85 
73 17 26 0 12 29 30 15 
10 2 51 12 0 51 69 88 
76 77 21 29 51 0 88 95 
6 72 19 30 69 88 0 97 
80 7 85 15 88 95 97 0 
